# dd2.eos converted to units with G=c=Msun=1
#
# rho0=nB*mB           epsl=(rho-rho0)/rho0    P
#
1.1732509003264155e-09 2.3374771987327847e-05 4.4780472436305712e-13
1.3830769336456291e-09 8.8664632116763897e-05 5.6814454266854429e-13
1.6304285842443402e-09 1.5753777869575991e-04 6.9083254781648113e-13
1.9220169924416589e-09 2.2935130548118465e-04 8.5959140878031871e-13
2.2657535294295756e-09 3.0508641207971365e-04 1.0676322969689631e-12
2.6709644484469388e-09 3.8482635465730830e-04 1.3241126602191056e-12
3.1486439245064395e-09 4.6876052566746651e-04 1.6439331433307225e-12
3.7117523481437220e-09 5.5730109956719787e-04 2.0479767987308530e-12
4.3755679664889763e-09 6.5105578495727734e-04 2.5620891385520679e-12
5.1581014123798479e-09 7.5065918758343564e-04 3.2125471796519241e-12
6.0805843685121067e-09 8.5484691183745909e-04 3.8874036916745559e-12
7.1680456250538637e-09 9.6075189638367142e-04 4.6054981220584478e-12
8.4499901603086364e-09 1.0699554009503398e-03 5.7648227792620369e-12
9.9611996692300970e-09 1.1854792932655123e-03 7.1593318592969364e-12
1.1742676259713605e-08 1.3072244277347878e-03 8.8976246444879932e-12
1.3842754921014358e-08 1.4355678553825690e-03 1.1056675557976039e-11
1.6318414947764280e-08 1.5708366787459127e-03 1.3734875056887740e-11
1.9236825901119372e-08 1.7133890486715764e-03 1.7064466213895416e-11
2.2677170052026381e-08 1.8635086943017409e-03 2.1165085339441926e-11
2.6732790753104158e-08 2.0211755453489744e-03 2.6152613090263442e-11
3.1513725028727415e-08 2.1832712758242945e-03 3.0998916948013125e-11
3.7149689097496300e-08 2.3513262782894895e-03 3.9226316233376566e-11
4.3793597830232819e-08 2.5255566227746495e-03 4.6077672293540335e-11
5.1625713633372929e-08 2.7022577374624657e-03 5.6227669233306002e-11
6.0858537325177064e-08 2.8872575120562072e-03 7.0288132281273595e-11
7.1742573703924754e-08 3.0892116266010294e-03 9.3328699991875705e-11
8.4573128239376726e-08 3.3022251573939787e-03 1.0780028036317858e-10
9.9698319295210083e-08 3.5194014470751878e-03 1.3563502189051375e-10
1.1752852326989811e-07 3.7510315833013674e-03 1.7039742412278779e-10
1.3854750892141323e-07 3.9871012159076180e-03 1.9438146767884782e-10
1.6332556297204341e-07 4.2253557242142303e-03 2.4286836527389043e-10
1.9253496311698906e-07 4.4771100882319281e-03 3.0149773933037492e-10
2.2696821825010625e-07 4.7431165962015243e-03 3.7694730561099015e-10
2.6755957080027220e-07 5.0173405670286275e-03 4.4342780036155166e-10
3.1541034457934573e-07 5.2955753322989629e-03 5.4070538145199623e-10
3.7181882587905553e-07 5.5847310161769581e-03 6.6595900642900347e-10
4.3831548855019079e-07 5.8864028908638399e-03 8.1770387144605073e-10
5.1670451879024589e-07 6.1996768179095607e-03 9.9760978913010722e-10
6.0911276628931602e-07 6.5227594470476102e-03 1.2080024065248971e-09
7.1804744987577268e-07 6.8568077602790822e-03 1.4834059786601922e-09
8.4646418333022189e-07 7.1853668838286477e-03 1.6049525586921556e-09
9.9784716704287374e-07 7.4853292419672091e-03 1.7155649062581012e-09
1.1763037212728123e-06 7.7579999250958487e-03 1.8443237724052197e-09
1.3866757258837913e-06 8.0066724371743447e-03 1.9829009913899450e-09
1.6346709901374082e-06 8.2354762805592063e-03 2.1751503700371103e-09
1.9270181168663089e-06 8.4496827646740602e-03 2.4189740934931529e-09
2.2716490627993779e-06 8.6527522099255627e-03 2.7198194685666049e-09
2.6779143482621048e-06 8.8474558644100476e-03 3.0940107122654039e-09
3.1568367553176763e-06 9.0363236374153555e-03 3.5604336888076175e-09
3.7214103976820961e-06 9.2216977903831765e-03 4.1465740401983553e-09
4.3869532767723806e-06 9.4050600583872601e-03 4.8421348875849649e-09
5.1715228894321933e-06 9.5880543043058708e-03 5.7469704531933032e-09
6.0964061635956346e-06 9.7729809809761203e-03 6.8760727664000764e-09
7.1866970148144016e-06 9.9612555324548602e-03 8.2822071214300254e-09
8.4719771939014168e-06 1.0154095630662940e-02 1.0028174573287539e-08
9.9871188984359266e-06 1.0352502370085226e-02 1.2186604025972450e-08
1.1773230924570446e-05 1.0557317065843064e-02 1.4853444303180089e-08
1.3878774030112904e-05 1.0769416998153813e-02 1.8165520396531580e-08
1.6360875770893250e-05 1.0989581204129628e-02 2.2242474506788674e-08
1.9286880484531112e-05 1.1218301241981310e-02 2.7244835920799664e-08
2.2736176475733932e-05 1.1455997575097410e-02 3.3384146273525788e-08
2.6802349978282786e-05 1.1703222293268700e-02 4.0960923713886598e-08
3.1595724334962803e-05 1.1961267714418522e-02 5.0561347797723877e-08
3.7246353288418772e-05 1.2232259383301303e-02 6.2799341906544872e-08
4.3907549596847455e-05 1.2518895702686272e-02 7.8645460214119157e-08
5.1760044712862426e-05 1.2825117911799078e-02 9.9661810423041058e-08
6.1016892385856711e-05 1.3156781346430613e-02 1.2829021339627483e-07
7.1929249232314415e-05 1.3522342401794951e-02 1.6836224958283150e-07
8.4793189112392019e-05 1.3935126655570951e-02 2.2745739263781535e-07
9.9957736200307454e-05 1.4388591696932851e-02 2.8146390621245314e-07
1.1783433470165453e-04 1.4878046154272351e-02 3.6918698420342365e-07
1.3890801214982694e-04 1.5447660204861657e-02 5.3005048315760315e-07
1.6375053916390915e-04 1.6143783475502937e-02 7.6615304428734777e-07
1.9303594271832968e-04 1.6999993935663538e-02 1.1141939003474844e-06
2.2755879383001707e-04 1.8061391821199368e-02 1.6357564469283532e-06
2.6825576584424947e-04 1.9392936044268838e-02 2.4357658897485563e-06
3.1623104823819283e-04 2.1093774872461335e-02 3.7057223159857203e-06
3.7278630546896615e-04 2.3327394308332527e-02 5.8273397266807320e-06
4.3945599370915191e-04 2.6375955908459536e-02 9.5634253033854709e-06
5.1804899368272130e-04 3.0721060279850221e-02 1.6384833529660557e-05
6.1069768918273215e-04 3.7143947096780039e-02 2.8940407741051603e-05
7.1991582286818256e-04 4.6824796227582732e-02 5.1660584702267286e-05
8.4866669908241932e-04 6.1403766775228297e-02 9.1319115684498735e-05
1.0004435841707120e-03 8.2967787509678370e-02 1.5750315999913674e-04
1.1793644857168303e-03 1.1395618835446064e-01 2.6292007753931870e-04
1.3902838822471624e-03 1.5702682867517326e-01 4.2403699321164545e-04
1.6389244348505355e-03 2.1494556093050421e-01 6.6212610852839663e-04
1.9320322543109306e-03 2.9053998786163415e-01 1.0052655550066251e-03
2.2775599364580779e-03 3.8673238697561185e-01 1.4912169849160548e-03
2.6848823318475147e-03 5.0663897305907657e-01 2.1718008822970373e-03
3.1650509040290213e-03 6.5371250677678394e-01 3.1185808206137316e-03
3.7310935776472998e-03 8.3190127967469052e-01 4.4308368255877289e-03
4.3983682118476364e-03 1.0458133130982117e+00 6.2460963710618657e-03
5.1849792894206837e-03 1.3008771885085650e+00 8.7546415640081098e-03
6.1122691272880664e-03 1.6035133847536351e+00 1.2219944559977304e-02
7.2053969358425105e-03 1.9613247587382712e+00 1.7006607397137368e-02
8.4940214381698971e-03 2.3833147853939893e+00 2.3619810449386026e-02
1.0013105569964464e-02 2.8801432812336043e+00 3.2759465781991758e-02
1.1803865093240886e-02 3.4644220045150647e+00 4.5395623130143725e-02
1.3914886861611818e-02 4.1510619842413394e+00 6.2873172613753581e-02
1.6403447077883951e-02 4.9576803816022839e+00 8.7056808177034400e-02
1.9337065310911904e-02 5.9050789171358833e+00 1.2053283410564973e-01
2.2795336435267630e-02 7.0178083071779422e+00 1.6688886472819775e-01
2.6872090197875807e-02 8.3248324497866371e+00 2.3110239869193885e-01
