# nmesh EoS output for T=0 and Y=0
# EoS_type = PwPhot
# nrows = 1024   <-- Number of rows
#
# 3 data columns in dimensionless units where G=c=1:
#   col1:  rho0 = baryonic mass density
#   col2:  epsl = kinetic energy per baryonic mass
#   col3:  P    = pressure
#
2.632557538389789e-13  8.114724117769256e-06  7.624780082422112e-19
2.698550565353516e-13  8.186752315619827e-06  7.885294212711889e-19
2.766197907387018e-13  8.259419852718608e-06  8.154709270155852e-19
2.835541034907358e-13  8.332732404081611e-06  8.433329370711694e-19
2.906622457913148e-13  8.406695694684885e-06  8.721469020997836e-19
2.979485752044893e-13  8.481315501018827e-06  9.019453473309115e-19
3.054175585298442e-13  8.556597650200004e-06  9.327619092761505e-19
3.130737745408279e-13  8.632548021303421e-06  9.646313736981747e-19
3.209219167917063e-13  8.709172545806609e-06  9.975897148768944e-19
3.289667964949017e-13  8.786477207811672e-06  1.031674136217297e-18
3.372133454704406e-13  8.864468043823237e-06  1.066923112244640e-18
3.456666191693589e-13  8.943151145190953e-06  1.103376432034577e-18
3.543317997728768e-13  9.022532655889037e-06  1.141075244127053e-18
3.632141993692860e-13  9.102618775846949e-06  1.180062102974859e-18
3.723192632104520e-13  9.183415758728941e-06  1.220381016979092e-18
3.816525730499745e-13  9.264929914820641e-06  1.262077498165927e-18
3.912198505650042e-13  9.347167609696783e-06  1.305198613560576e-18
4.010269608638633e-13  9.430135265553474e-06  1.349793038316646e-18
4.110799160815690e-13  9.513839361874332e-06  1.395911110660642e-18
4.213848790655162e-13  9.598286435430481e-06  1.443604888713855e-18
4.319481671535258e-13  9.683483081168731e-06  1.492928209255558e-18
4.427762560466297e-13  9.769435952211580e-06  1.543936748494075e-18
4.538757837789090e-13  9.856151761189480e-06  1.596688084914066e-18
4.652535547868790e-13  9.943637280018791e-06  1.651241764271242e-18
4.769165440808549e-13  1.003189934078996e-05  1.707659366807598e-18
4.888719015209153e-13  1.012094483643367e-05  1.766004576763314e-18
5.011269562000264e-13  1.021078072094284e-05  1.826343254263509e-18
5.136892209370725e-13  1.030141400959472e-05  1.888743509661292e-18
5.265663968824862e-13  1.039285178094929e-05  1.953275780420698e-18
5.397663782393661e-13  1.048510117529489e-05  2.020012910626655e-18
5.532972571029086e-13  1.057816939686873e-05  2.089030233211357e-18
5.671673284211911e-13  1.067206371385687e-05  2.160405654990241e-18
5.813850950802752e-13  1.076679145883830e-05  2.234219744603173e-18
5.959592731168202e-13  1.086236002967311e-05  2.310555823460501e-18
6.108987970613305e-13  1.095877688950253e-05  2.389500059796230e-18
6.262128254153833e-13  1.105604956808115e-05  2.471141565934915e-18
6.419107462661235e-13  1.115418566177695e-05  2.555572498881620e-18
6.580021830415405e-13  1.125319283445947e-05  2.642888164348936e-18
6.744970004099785e-13  1.135307881816594e-05  2.733187124338046e-18
6.914053103275786e-13  1.145385141332333e-05  2.826571308395714e-18
7.087374782372734e-13  1.155551848963654e-05  2.923146128672329e-18
7.265041294232242e-13  1.165808798697654e-05  3.023020598911358e-18
7.447161555245048e-13  1.176156791515837e-05  3.126307457504029e-18
7.633847212121184e-13  1.186596635527337e-05  3.233123294748661e-18
7.825212710333443e-13  1.197129146079945e-05  3.343588684457760e-18
8.021375364277106e-13  1.207755145649081e-05  3.457828320061985e-18
8.222455429187904e-13  1.218475464104252e-05  3.575971155364064e-18
8.428576174863359e-13  1.229290938620231e-05  3.698150550102105e-18
8.639863961231634e-13  1.240202413832492e-05  3.824504420486038e-18
8.856448315815292e-13  1.251210741859410e-05  3.955175394877714e-18
9.078462013136357e-13  1.262316782391082e-05  4.090310974789759e-18
9.306041156112481e-13  1.273521402733735e-05  4.230063701385593e-18
9.539325259492960e-13  1.284825477942952e-05  4.374591327667843e-18
9.778457335386935e-13  1.296229890757061e-05  4.524056996550266e-18
1.002358398093499e-12  1.307735531841381e-05  4.678629425013422e-18
1.027485546817915e-12  1.319343299699405e-05  4.838483094552748e-18
1.053242583618508e-12  1.331054100806028e-05  5.003798448133226e-18
1.079645298547427e-12  1.342868849762979e-05  5.174762093873770e-18
1.106709877482279e-12  1.354788469187795e-05  5.351567015690424e-18
1.134452912048727e-12  1.366813889958074e-05  5.534412791136998e-18
1.162891409791758e-12  1.378946051211472e-05  5.723505816688160e-18
1.192042804601998e-12  1.391185900345704e-05  5.919059540720204e-18
1.221924967403317e-12  1.403534393285000e-05  6.121294704451518e-18
1.252556217108432e-12  1.415992494324669e-05  6.330439591115717e-18
1.283955331849060e-12  1.428561176419763e-05  6.546730283647708e-18
1.316141560487680e-12  1.441241421074047e-05  6.770410931174590e-18
1.349134634417778e-12  1.454034218562050e-05  7.001734024611113e-18
1.382954779659993e-12  1.466940567929065e-05  7.240960681671952e-18
1.417622729261400e-12  1.479961477079961e-05  7.488360941621313e-18
1.453159736005710e-12  1.493097962890211e-05  7.744214070093804e-18
1.489587585441991e-12  1.506351051228094e-05  8.008808874329408e-18
1.526928609240101e-12  1.519721777087923e-05  8.282444029179700e-18
1.565205698880803e-12  1.533211184656658e-05  8.565428414251924e-18
1.604442319689175e-12  1.546820327380516e-05  8.858081462572941e-18
1.644662525219702e-12  1.560550268053795e-05  9.160733521165136e-18
1.685890972002081e-12  1.574402078885484e-05  9.473726223942820e-18
1.728152934656569e-12  1.588376841676897e-05  9.797412877348506e-18
1.771474321388344e-12  1.602475647732859e-05  1.013215885916593e-17
1.815881689870181e-12  1.616699598083748e-05  1.047834203095841e-17
1.861402263523375e-12  1.631049803596518e-05  1.083635316459977e-17
1.908063948206686e-12  1.645527384885881e-05  1.120659638337747e-17
1.955895349323768e-12  1.660133472580760e-05  1.158948961816790e-17
2.004925789359317e-12  1.674869207346497e-05  1.198546507919658e-17
2.055185325854906e-12  1.689735739973663e-05  1.239496974391775e-17
2.106704769835429e-12  1.704734231422478e-05  1.281846586156296e-17
2.159515704697426e-12  1.719865853000435e-05  1.325643147492836e-17
2.213650505570899e-12  1.735131786406718e-05  1.370936095998966e-17
2.269142359166523e-12  1.750533223843220e-05  1.417776558395426e-17
2.326025284120399e-12  1.766071368036748e-05  1.466217408238039e-17
2.384334151848760e-12  1.781747432461067e-05  1.516313325601407e-17
2.444104707925470e-12  1.797562641314698e-05  1.568120858801810e-17
2.505373593995450e-12  1.813518229676347e-05  1.621698488229015e-17
2.568178370237447e-12  1.829615443593724e-05  1.677106692359019e-17
2.632557538389789e-12  1.845855540150154e-05  1.734408016022142e-17
2.698550565353516e-12  1.862239787642217e-05  1.793667141003763e-17
2.766197907387017e-12  1.878769465557539e-05  1.854950959057101e-17
2.835541034907347e-12  1.895445864752432e-05  1.918328647410752e-17
2.906622457913148e-12  1.912270287607321e-05  1.983871746855979e-17
2.979485752044893e-12  1.929244048004541e-05  2.051654242502001e-17
3.054175585298442e-12  1.946368471461568e-05  2.121752647290466e-17
3.130737745408279e-12  1.963644895330852e-05  2.194246088363369e-17
3.209219167917063e-12  1.981074668822025e-05  2.269216396381755e-17
3.289667964949017e-12  1.998659153046312e-05  2.346748197896338e-17
3.372133454704406e-12  2.016399721305184e-05  2.426929010873932e-17
3.456666191693589e-12  2.034297759001547e-05  2.509849343487907e-17
3.543317997728768e-12  2.052354663883982e-05  2.595602796283796e-17
3.632141993692860e-12  2.070571846113367e-05  2.684286167835778e-17
3.723192632104520e-12  2.088950728329486e-05  2.775999564012886e-17
3.816525730499745e-12  2.107492745806461e-05  2.870846510978718e-17
3.912198505650042e-12  2.126199346608182e-05  2.968934072051740e-17
4.010269608638633e-12  2.145071991566105e-05  3.070372968558583e-17
4.110799160815690e-12  2.164112154590114e-05  3.175277704816244e-17
4.213848790655162e-12  2.183321322557497e-05  3.283766697384795e-17
4.319481671535259e-12  2.202700995601603e-05  3.395962408735967e-17
4.427762560466296e-12  2.222252687200665e-05  3.511991485489037e-17
4.538757837789090e-12  2.241977924177796e-05  3.631984901369497e-17
4.652535547868791e-12  2.261878247011850e-05  3.756078105052470e-17
4.769165440808549e-12  2.281955209793018e-05  3.884411173057133e-17
4.888719015209153e-12  2.302210380400460e-05  4.017128967865375e-17
5.011269562000264e-12  2.322645340679941e-05  4.154381301442544e-17
5.136892209370725e-12  2.343261686443832e-05  4.296323104345484e-17
5.265663968824863e-12  2.364061027759767e-05  4.443114600608117e-17
5.397663782393661e-12  2.385044988906238e-05  4.594921488602656e-17
5.532972571029086e-12  2.406215208616835e-05  4.751915128079885e-17
5.671673284211911e-12  2.427573340169076e-05  4.914272733600401e-17
5.813850950802751e-12  2.449121051517622e-05  5.082177574574357e-17
5.959592731168202e-12  2.470860025427513e-05  5.255819182136351e-17
6.108987970613304e-12  2.492791959562979e-05  5.435393563088125e-17
6.262128254153833e-12  2.514918566709490e-05  5.621103421151435e-17
6.419107462661235e-12  2.537241574818161e-05  5.813158385779968e-17
6.580021830415405e-12  2.559762727183390e-05  6.011775248789496e-17
6.744970004099785e-12  2.582483782598288e-05  6.217178209072417e-17
6.914053103275787e-12  2.605406515443498e-05  6.429599125673931e-17
7.087374782372734e-12  2.628532715842624e-05  6.649277779514463e-17
7.265041294232242e-12  2.651864189839870e-05  6.876462144054861e-17
7.447161555245048e-12  2.675402759466650e-05  7.111408665208777e-17
7.633847212121183e-12  2.699150262985839e-05  7.354382550819331e-17
7.825212710333443e-12  2.723108554913978e-05  7.605658070025661e-17
8.021375364277106e-12  2.747279506265521e-05  7.865518862858491e-17
8.222455429187904e-12  2.771665004663859e-05  8.134258260412914e-17
8.428576174863358e-12  2.796266954474547e-05  8.412179615961148e-17
8.639863961231634e-12  2.821087276982936e-05  8.699596647377614e-17
8.856448315815292e-12  2.846127910505203e-05  8.996833791264328e-17
9.078462013136357e-12  2.871390810565977e-05  9.304226569174848e-17
9.306041156112481e-12  2.896877950075982e-05  9.622121966351689e-17
9.539325259492959e-12  2.922591319398649e-05  9.950878823403175e-17
9.778457335386934e-12  2.948532926660974e-05  1.029086824136346e-16
1.002358398093499e-11  2.974704797709116e-05  1.064247400059126e-16
1.027485546817915e-11  3.001108976419253e-05  1.100609299398194e-16
1.053242583618508e-11  3.027747524853019e-05  1.138213567498007e-16
1.079645298547427e-11  3.054622523279704e-05  1.177102652090015e-16
1.106709877482279e-11  3.081736070509322e-05  1.217320451207647e-16
1.134452912048727e-11  3.109090283959226e-05  1.258912362738501e-16
1.162891409791758e-11  3.136687299853946e-05  1.301925335669471e-16
1.192042804601998e-11  3.164529273314010e-05  1.346407923082853e-16
1.221924967403317e-11  3.192618378689005e-05  1.392410336963060e-16
1.252556217108432e-11  3.220956809557585e-05  1.439984504876005e-16
1.283955331849060e-11  3.249546779016121e-05  1.489184128584929e-16
1.316141560487680e-11  3.278390519723118e-05  1.540064744669060e-16
1.349134634417778e-11  3.307490284276682e-05  1.592683787213287e-16
1.382954779659993e-11  3.336848345170118e-05  1.647100652639876e-16
1.417622729261400e-11  3.366466995124995e-05  1.703376766755134e-16
1.453159736005709e-11  3.396348547157757e-05  1.761575654086985e-16
1.489587585441997e-11  3.426495334868385e-05  1.821763009591453e-16
1.526928609240101e-11  3.456909712551415e-05  1.884006772809207e-16
1.565205698880803e-11  3.487594055417986e-05  1.948377204555803e-16
1.604442319689175e-11  3.518550759684658e-05  2.014946966232136e-16
1.644662525219708e-11  3.549782242950883e-05  2.083791201844666e-16
1.685890972002081e-11  3.581290944221216e-05  2.154987622828066e-16
1.728152934656569e-11  3.613079324105151e-05  2.228616595765978e-16
1.771474321388345e-11  3.645149865105779e-05  2.304761233108871e-16
1.815881689870189e-11  3.677505071775222e-05  2.383507486991413e-16
1.861402263523375e-11  3.710147470870062e-05  2.464944246255346e-16
1.908063948206686e-11  3.743079611573386e-05  2.549163436787319e-16
1.955895349323768e-11  3.776304065672420e-05  2.636260125284883e-16
2.004925789359317e-11  3.809823427847192e-05  2.726332626567838e-16
2.055185325854906e-11  3.843640315759345e-05  2.819482614556112e-16
2.106704769835429e-11  3.877757370296386e-05  2.915815237039407e-16
2.159515704697426e-11  3.912177255860350e-05  3.015439234368089e-16
2.213650505570899e-11  3.946902660389995e-05  3.118467062199359e-16
2.269142359166523e-11  3.981936295760491e-05  3.225015018437328e-16
2.326025284120400e-11  4.017280897938846e-05  3.335203374510235e-16
2.384334151848760e-11  4.052939227094932e-05  3.449156511132906e-16
2.444104707925470e-11  4.088914067956750e-05  3.567003058707781e-16
2.505373593995450e-11  4.125208229943667e-05  3.688876042523060e-16
2.568178370237446e-11  4.161824547477266e-05  3.814913032911826e-16
2.632557538389789e-11  4.198765880025768e-05  3.945256300541428e-16
2.698550565353516e-11  4.236035112525904e-05  4.080052977008892e-16
2.766197907387018e-11  4.273635155471744e-05  4.219455220923037e-16
2.835541034907347e-11  4.311568945269961e-05  4.363620389661393e-16
2.906622457913148e-11  4.349839444262038e-05  4.512711216995298e-16
2.979485752044893e-11  4.388449641212766e-05  4.666895996783859e-16
3.054175585298442e-11  4.427402551354653e-05  4.826348772944268e-16
3.130737745408279e-11  4.466701216676583e-05  4.991249535912806e-16
3.209219167917063e-11  4.506348706168062e-05  5.161784425818025e-16
3.289667964949017e-11  4.546348116107879e-05  5.338145942596112e-16
3.372133454704405e-11  4.586702570197332e-05  5.520533163284757e-16
3.456666191693589e-11  4.627415219915498e-05  5.709151966741731e-16
3.543317997728768e-11  4.668489244674667e-05  5.904215266040874e-16
3.632141993692860e-11  4.709927852108997e-05  6.105943248808826e-16
3.723192632104520e-11  4.751734278385378e-05  6.314563625772749e-16
3.816525730499745e-11  4.793911788314453e-05  6.530311887800669e-16
3.912198505650042e-11  4.836463675728098e-05  6.753431571723498e-16
4.010269608638633e-11  4.879393263701459e-05  6.984174535239923e-16
4.110799160815690e-11  4.922703904775005e-05  7.222801241213292e-16
4.213848790655162e-11  4.966398981287590e-05  7.469581051682644e-16
4.319481671535258e-11  5.010481905554087e-05  7.724792531918496e-16
4.427762560466297e-11  5.054956120220666e-05  7.988723764867901e-16
4.538757837789091e-11  5.099825098442423e-05  8.261672676342393e-16
4.652535547868791e-11  5.145092344283064e-05  8.543947371317263e-16
4.769165440808549e-11  5.190761392825927e-05  8.835866481720371e-16
4.888719015209153e-11  5.236835810595863e-05  9.137759526104513e-16
5.011269562000264e-11  5.283319195692471e-05  9.449967281607891e-16
5.136892209370725e-11  5.330215178256381e-05  9.772842168624030e-16
5.265663968824862e-11  5.377527420558081e-05  1.010674864861384e-15
5.397663782393661e-11  5.425259617464206e-05  1.045206363551043e-15
5.532972571029086e-11  5.473415496548562e-05  1.080917692117952e-15
5.671673284211911e-11  5.521998818536211e-05  1.117849161541722e-15
5.813850950802751e-11  5.571013377503320e-05  1.156042460098032e-15
5.959592731168202e-11  5.620463001232423e-05  1.195540700416437e-15
6.108987970613304e-11  5.670351551412267e-05  1.236388468145894e-15
6.262128254153833e-11  5.720682924104104e-05  1.278631872283135e-15
6.419107462661235e-11  5.771461049874915e-05  1.322318597220486e-15
6.580021830415404e-11  5.822689894219302e-05  1.367497956572116e-15
6.744970004099785e-11  5.874373457825932e-05  1.414220948839220e-15
6.914053103275786e-11  5.926515776888408e-05  1.462540314977240e-15
7.087374782372734e-11  5.979120923438330e-05  1.512510597929839e-15
7.265041294232242e-11  6.032193005611752e-05  1.564188204197087e-15
7.447161555245048e-11  6.085736168071065e-05  1.617631467507105e-15
7.633847212121183e-11  6.139754592204838e-05  1.672900714663296e-15
7.825212710333443e-11  6.194252496571906e-05  1.730058333641225e-15
8.021375364277106e-11  6.249234137145621e-05  1.789168844012293e-15
8.222455429187904e-11  6.304703807669121e-05  1.850298969773415e-15
8.428576174863359e-11  6.360665840032809e-05  1.913517714665198e-15
8.639863961231634e-11  6.417124604540803e-05  1.978896440063354e-15
8.856448315815291e-11  6.474084510288414e-05  2.046508945531562e-15
9.078462013136393e-11  6.531550005561826e-05  2.116431552126407e-15
9.306041156112480e-11  6.589525578082345e-05  2.188743188548689e-15
9.539325259492959e-11  6.648015755406078e-05  2.263525480238236e-15
9.778457335386935e-11  6.707025105279207e-05  2.340862841512753e-15
1.002358398093503e-10  6.766558235993259e-05  2.420842570854748e-15
1.027485546817915e-10  6.826619796784783e-05  2.503554949454166e-15
1.053242583618508e-10  6.887214478079606e-05  2.589093343117898e-15
1.079645298547427e-10  6.948347012025735e-05  2.677554307661174e-15
1.106709877482283e-10  7.010022172693198e-05  2.769037697899811e-15
1.134452912048727e-10  7.072244776584746e-05  2.863646780366449e-15
1.162891409791758e-10  7.135019682924515e-05  2.961488349877944e-15
1.192042804601998e-10  7.198351794079905e-05  3.062672850085415e-15
1.221924967403322e-10  7.262246055939059e-05  3.167314498143109e-15
1.252556217108432e-10  7.326707458288340e-05  3.275531413636849e-15
1.283955331849060e-10  7.391741035189803e-05  3.387445751917572e-15
1.316141560487680e-10  7.457351865380879e-05  3.503183841990365e-15
1.349134634417783e-10  7.523545072718463e-05  3.622876329114718e-15
1.382954779659993e-10  7.590325826534183e-05  3.746658322277040e-15
1.417622729261400e-10  7.657699342011881e-05  3.874669546701857e-15
1.453159736005710e-10  7.725670880631696e-05  4.007054501573719e-15
1.489587585441997e-10  7.794245750591955e-05  4.143962623147977e-15
1.526928609240101e-10  7.863429307231051e-05  4.285548453434590e-15
1.565205698880803e-10  7.933226953360517e-05  4.431971814645341e-15
1.604442319689175e-10  8.003644139797927e-05  4.583397989601245e-15
1.644662525219708e-10  8.074686365744377e-05  4.739997908303896e-15
1.685890972002081e-10  8.146359179161955e-05  4.901948340881447e-15
1.728152934656569e-10  8.218668177306654e-05  5.069432097126949e-15
1.771474321388345e-10  8.291619007128048e-05  5.242638232854156e-15
1.815881689870189e-10  8.365217365646771e-05  5.421762263303844e-15
1.861402263523374e-10  8.439469000487421e-05  5.607006383841628e-15
1.908063948206686e-10  8.514379710278241e-05  5.798579698196354e-15
1.955895349323768e-10  8.589955345139622e-05  5.996698454496500e-15
2.004925789359317e-10  8.666201807083773e-05  6.201586289371202e-15
2.055185325854906e-10  8.743125050547640e-05  6.413474480391533e-15
2.106704769835429e-10  8.820731082792577e-05  6.632602207136916e-15
2.159515704697426e-10  8.899025964415053e-05  6.859216821181162e-15
2.213650505570899e-10  8.978015809812945e-05  7.093574125303093e-15
2.269142359166523e-10  9.057706787629627e-05  7.335938662236997e-15
2.326025284120400e-10  9.138105121286877e-05  7.586584013288806e-15
2.384334151848760e-10  9.219217089428966e-05  7.845793107154821e-15
2.444104707925470e-10  9.301049026477770e-05  8.113858539291809e-15
2.505373593995450e-10  9.383607323032450e-05  8.391082902199082e-15
2.568178370237446e-10  9.466898426424564e-05  8.677779126985338e-15
2.632557538389789e-10  9.550928841206563e-05  8.974270836605225e-15
2.698550565353516e-10  9.635705129706906e-05  9.280892711165635e-15
2.766197907387017e-10  9.721233912451943e-05  9.597990865712488e-15
2.835541034907358e-10  9.807521868765434e-05  9.925923240926126e-15
2.906622457913148e-10  9.894575737257050e-05  1.026506000716465e-14
2.979485752044893e-10  9.982402316355277e-05  1.061578398231298e-14
3.054175585298442e-10  1.007100846479592e-04  1.097849106390758e-14
3.130737745408279e-10  1.016040110222161e-04  1.135359067602642e-14
3.209219167917063e-10  1.025058720971472e-04  1.174150623144676e-14
3.289667964949017e-10  1.034157383026368e-04  1.214267560959434e-14
3.372133454704405e-10  1.043336806945128e-04  1.255755165082162e-14
3.456666191693589e-10  1.052597709587655e-04  1.298660266757482e-14
3.543317997728768e-10  1.061940814177653e-04  1.343031297302495e-14
3.632141993692860e-10  1.071366850360356e-04  1.388918342776149e-14
3.723192632104520e-10  1.080876554253596e-04  1.436373200516367e-14
3.816525730499745e-10  1.090470668514421e-04  1.485449437608992e-14
3.912198505650042e-10  1.100149942385720e-04  1.536202451354295e-14
4.010269608638633e-10  1.109915131767281e-04  1.588689531799566e-14
4.110799160815690e-10  1.119766999264638e-04  1.642969926408101e-14
4.213848790655161e-10  1.129706314251244e-04  1.699104906937861e-14
4.319481671535258e-10  1.139733852935088e-04  1.757157838605017e-14
4.427762560466297e-10  1.149850398405317e-04  1.817194251610733e-14
4.538757837789090e-10  1.160056740712179e-04  1.879281915111645e-14
4.652535547868791e-10  1.170353676911429e-04  1.943490913717818e-14
4.769165440808549e-10  1.180742011135383e-04  2.009893726604241e-14
4.888719015209153e-10  1.191222554655091e-04  2.078565309325465e-14
5.011269562000264e-10  1.201796125942511e-04  2.149583178425411e-14
5.136892209370725e-10  1.212463550732679e-04  2.223027498938214e-14
5.265663968824863e-10  1.223225662090321e-04  2.298981174878476e-14
5.397663782393661e-10  1.234083300476474e-04  2.377529942823503e-14
5.532972571029086e-10  1.245037313815089e-04  2.458762468692723e-14
5.671673284211911e-10  1.256088557548551e-04  2.542770447833960e-14
5.813850950802752e-10  1.267237894717610e-04  2.629648708529117e-14
5.959592731168202e-10  1.278486196021333e-04  2.719495319036535e-14
6.108987970613304e-10  1.289834339892604e-04  2.812411698290421e-14
6.262128254153833e-10  1.301283212555848e-04  2.908502730382745e-14
6.419107462661235e-10  1.312833708100314e-04  3.007876882956373e-14
6.580021830415405e-10  1.324486728560004e-04  3.110646329643575e-14
6.744970004099786e-10  1.336243183964747e-04  3.216927076687577e-14
6.914053103275786e-10  1.348103992431238e-04  3.326839093890660e-14
7.087374782372734e-10  1.360070080220765e-04  3.440506450036033e-14
7.265041294232241e-10  1.372142381816932e-04  3.558057452936932e-14
7.447161555245078e-10  1.384321839998925e-04  3.679624794270464e-14
7.633847212121184e-10  1.396609405912574e-04  3.805345699360150e-14
7.825212710333444e-10  1.409006039148064e-04  3.935362082076028e-14
8.021375364277106e-10  1.421512707813211e-04  4.069820705027122e-14
8.222455429187938e-10  1.434130388608956e-04  4.208873345227162e-14
8.428576174863359e-10  1.446860066904865e-04  4.352676965420651e-14
8.639863961231634e-10  1.459702736814616e-04  4.501393891262597e-14
8.856448315815292e-10  1.472659401280385e-04  4.655191994551826e-14
9.078462013136394e-10  1.485731072143892e-04  4.814244882724749e-14
9.306041156112480e-10  1.498918770228563e-04  4.978732094823650e-14
9.539325259492959e-10  1.512223525421685e-04  5.148839304160572e-14
9.778457335386934e-10  1.525646376747680e-04  5.324758527905466e-14
1.002358398093503e-09  1.539188372454703e-04  5.506688343835282e-14
1.027485546817915e-09  1.552850570099018e-04  5.694834114488795e-14
1.053242583618508e-09  1.566634036620496e-04  5.889408218980093e-14
1.079645298547427e-09  1.580539848426987e-04  6.090630292732243e-14
1.106709877482283e-09  1.594569091487585e-04  6.298727475401897e-14
1.134452912048727e-09  1.608722861405898e-04  6.513934667274784e-14
1.162891409791758e-09  1.623002263511086e-04  6.736494794421453e-14
1.192042804601998e-09  1.637408412944463e-04  6.966659082912360e-14
1.221924967403322e-09  1.651942434746090e-04  7.204687342402012e-14
1.252556217108432e-09  1.666605463939153e-04  7.450848259402401e-14
1.283955331849060e-09  1.681398645625443e-04  7.705419700576663e-14
1.316141560487680e-09  1.696323135067512e-04  7.968689026395146e-14
1.349134634417783e-09  1.711380097784154e-04  8.240953415508067e-14
1.382954779659993e-09  1.726570709641440e-04  8.522520200201130e-14
1.417622729261400e-09  1.741896156937095e-04  8.813707213312573e-14
1.453159736005709e-09  1.757357636504864e-04  9.114843147003070e-14
1.489587585441997e-09  1.772956355796662e-04  9.426267923783640e-14
1.526928609240101e-09  1.788693532986940e-04  9.748333080220578e-14
1.565205698880803e-09  1.804570397061500e-04  1.008140216375034e-13
1.604442319689175e-09  1.820588187908534e-04  1.042585114305213e-13
1.644662525219708e-09  1.836748156431867e-04  1.078206883244156e-13
1.685890972002081e-09  1.853051564635333e-04  1.115045733076469e-13
1.728152934656569e-09  1.869499685718257e-04  1.153143247528770e-13
1.771474321388345e-09  1.886093804188693e-04  1.192542431109427e-13
1.815881689870188e-09  1.902835215954468e-04  1.233287757652071e-13
1.861402263523374e-09  1.919725228423097e-04  1.275425220517708e-13
1.908063948206687e-09  1.936765160612808e-04  1.319002384512084e-13
1.955895349323768e-09  1.953956343241359e-04  1.364068439576869e-13
2.004925789359317e-09  1.971300118850383e-04  1.410674256315287e-13
2.055185325854906e-09  1.988797841883105e-04  1.458872443414915e-13
2.106704769835438e-09  2.006450878819788e-04  1.508717407032440e-13
2.159515704697426e-09  2.024260608257666e-04  1.560265412207323e-13
2.213650505570899e-09  2.042228421039738e-04  1.613574646373890e-13
2.269142359166523e-09  2.060355720350238e-04  1.668705285043291e-13
2.326025284120409e-09  2.078643921827883e-04  1.725719559729744e-13
2.384334151848760e-09  2.097094453679116e-04  1.784681828197449e-13
2.444104707925470e-09  2.115708756784684e-04  1.845658647107764e-13
2.505373593995450e-09  2.134488284821767e-04  1.908718847148349e-13
2.568178370237446e-09  2.153434504359453e-04  1.973933610729387e-13
2.632557538389789e-09  2.172548894994186e-04  2.041376552334267e-13
2.698550565353516e-09  2.191832949451911e-04  2.111123801615767e-13
2.766197907387017e-09  2.211288173705750e-04  2.183254089331184e-13
2.835541034907346e-09  2.230916087102575e-04  2.257848836213765e-13
2.906622457913148e-09  2.250718222471804e-04  2.334992244880467e-13
2.979485752044893e-09  2.270696126245308e-04  2.414771394879922e-13
3.054175585298442e-09  2.290851358588419e-04  2.497276340987933e-13
3.130737745408266e-09  2.311185493508727e-04  2.582600214861413e-13
3.209219167917063e-09  2.331700118989311e-04  2.670839330165457e-13
3.289667964949017e-09  2.352396837104198e-04  2.762093291292262e-13
3.372133454704406e-09  2.373277264153817e-04  2.856465105794686e-13
3.456666191693575e-09  2.394343030778234e-04  2.954061300661292e-13
3.543317997728768e-09  2.415595782097046e-04  3.054992042564080e-13
3.632141993692860e-09  2.437037177831503e-04  3.159371262214696e-13
3.723192632104535e-09  2.458668892431071e-04  3.267316782969561e-13
3.816525730499745e-09  2.480492615213326e-04  3.378950453828955e-13
3.912198505650042e-09  2.502510050486073e-04  3.494398286980326e-13
4.010269608638633e-09  2.524722917687239e-04  3.613790600040927e-13
4.110799160815708e-09  2.547132951515874e-04  3.737262163160421e-13
4.213848790655161e-09  2.569741902072042e-04  3.864952351149579e-13
4.319481671535259e-09  2.592551534985610e-04  3.997005300806739e-13
4.427762560466297e-09  2.615563631558349e-04  4.133570073619508e-13
4.538757837789109e-09  2.638779988908269e-04  4.274800824025462e-13
4.652535547868791e-09  2.662202420102844e-04  4.420856973421849e-13
4.769165440808549e-09  2.685832754296680e-04  4.571903390120656e-13
4.888719015209153e-09  2.709672836891386e-04  4.728110575452069e-13
5.011269562000285e-09  2.733724529659920e-04  4.889654856226465e-13
5.136892209370725e-09  2.757989710906461e-04  5.056718583772317e-13
5.265663968824862e-09  2.782470275599636e-04  5.229490339774611e-13
5.397663782393661e-09  2.807168135539051e-04  5.408165149145956e-13
5.532972571029108e-09  2.832085219486302e-04  5.592944700170814e-13
5.671673284211911e-09  2.857223473324844e-04  5.784037572171490e-13
5.813850950802751e-09  2.882584860213200e-04  5.981659470952700e-13
5.959592731168202e-09  2.908171360727074e-04  6.186033472290433e-13
6.108987970613329e-09  2.933984973032544e-04  6.397390273740014e-13
6.262128254153833e-09  2.960027713028168e-04  6.615968455047767e-13
6.419107462661235e-09  2.986301614500420e-04  6.842014747460120e-13
6.580021830415405e-09  3.012808729296879e-04  7.075784312234009e-13
6.744970004099814e-09  3.039551127470563e-04  7.317541028663021e-13
6.914053103275787e-09  3.066530897455344e-04  7.567557791944677e-13
7.087374782372734e-09  3.093750146216934e-04  7.826116821224838e-13
7.265041294232242e-09  3.121210999428303e-04  8.093509978166872e-13
7.447161555245078e-09  3.148915601622893e-04  8.370039096405258e-13
7.633847212121184e-09  3.176866116376686e-04  8.656016322255743e-13
7.825212710333444e-09  3.205064726465867e-04  8.951764467066480e-13
8.021375364277107e-09  3.233513634044449e-04  9.257617371607692e-13
8.222455429187938e-09  3.262215060810814e-04  9.573920282911307e-13
8.428576174863359e-09  3.291171248185343e-04  9.901030243986222e-13
8.639863961231634e-09  3.320384457481396e-04  1.023931649684888e-12
8.856448315815292e-09  3.349856970089604e-04  1.058916089932390e-12
9.078462013136394e-09  3.379591087642186e-04  1.095095835608538e-12
9.306041156112481e-09  3.409589132210566e-04  1.132511726442578e-12
9.539325259492960e-09  3.439853446469687e-04  1.171205997525528e-12
9.778457335386936e-09  3.470386393893410e-04  1.211222326985172e-12
1.002358398093501e-08  3.501190358932149e-04  1.252605885289957e-12
1.027485546817915e-08  3.532267747201612e-04  1.295403386237484e-12
1.053242583618510e-08  3.563620985673754e-04  1.339663139685069e-12
1.079645298547427e-08  3.595252522854420e-04  1.385435106081959e-12
1.106709877482281e-08  3.627164828992058e-04  1.432770952864728e-12
1.134452912048727e-08  3.659360396259803e-04  1.481724112779527e-12
1.162891409791760e-08  3.691841738944213e-04  1.532349844197016e-12
1.192042804601998e-08  3.724611393660648e-04  1.584705293488062e-12
1.221924967403320e-08  3.757671919528693e-04  1.638849559530614e-12
1.252556217108432e-08  3.791025898394196e-04  1.694843760420569e-12
1.283955331849062e-08  3.824675935013566e-04  1.752751102461932e-12
1.316141560487680e-08  3.858624657264720e-04  1.812636951514149e-12
1.349134634417781e-08  3.892874716349137e-04  1.874568906777150e-12
1.382954779659993e-08  3.927428787007248e-04  1.938616877097382e-12
1.417622729261403e-08  3.962289567716049e-04  2.004853159880982e-12
1.453159736005710e-08  3.997459780902268e-04  2.073352522703149e-12
1.489587585441994e-08  4.032942173166632e-04  2.144192287705854e-12
1.526928609240101e-08  4.068739515481479e-04  2.217452418879139e-12
1.565205698880806e-08  4.104854603417252e-04  2.293215612324544e-12
1.604442319689175e-08  4.141290257360097e-04  2.371567389602537e-12
1.644662525219705e-08  4.178049322727251e-04  2.452596194269334e-12
1.685890972002081e-08  4.215134670195742e-04  2.536393491712052e-12
1.728152934656572e-08  4.252549195922217e-04  2.623053872394936e-12
1.771474321388345e-08  4.290295821771650e-04  2.712675158633145e-12
1.815881689870185e-08  4.328377495539382e-04  2.805358515014678e-12
1.861402263523374e-08  4.366797191190930e-04  2.901208562595047e-12
1.908063948206690e-08  4.405557909088476e-04  3.000333496993621e-12
1.955895349323768e-08  4.444662676226230e-04  3.102845210524934e-12
2.004925789359313e-08  4.484114546463580e-04  3.208859418502834e-12
2.055185325854906e-08  4.523916600771560e-04  3.318495789860028e-12
2.106704769835434e-08  4.564071947465997e-04  3.431878082230482e-12
2.159515704697426e-08  4.604583722451761e-04  3.549134281647154e-12
2.213650505570894e-08  4.645455089471451e-04  3.670396747012733e-12
2.269142359166524e-08  4.686689240349651e-04  3.795802359506495e-12
2.326025284120404e-08  4.728289395237173e-04  3.925492677095894e-12
2.384334151848760e-08  4.770258802875293e-04  4.059614094327325e-12
2.444104707925465e-08  4.812600740835560e-04  4.198318007576423e-12
2.505373593995450e-08  4.855318515786244e-04  4.341760985944418e-12
2.568178370237441e-08  4.898415463745476e-04  4.490104947993486e-12
2.632557538389789e-08  4.941894950341030e-04  4.643517344520558e-12
2.698550565353510e-08  4.985760371074566e-04  4.802171347575934e-12
2.766197907387017e-08  5.030015151588074e-04  4.966246045940052e-12
2.835541034907352e-08  5.074662747932557e-04  5.135926647279052e-12
2.906622457913148e-08  5.119706646834477e-04  5.311404687207367e-12
2.979485752044893e-08  5.165150365964433e-04  5.492878245493304e-12
3.054175585298448e-08  5.210997454223598e-04  5.680552169651607e-12
3.130737745408279e-08  5.257251492010173e-04  5.874638306175597e-12
3.209219167917070e-08  5.303916091503602e-04  6.075355739669635e-12
3.289667964949017e-08  5.350994896948791e-04  6.282931040152027e-12
3.372133454704413e-08  5.398491584931442e-04  6.497598518807461e-12
3.456666191693589e-08  5.446409864675594e-04  6.719600492477687e-12
3.543317997728775e-08  5.494753478330061e-04  6.949187557188983e-12
3.632141993692860e-08  5.543526201259308e-04  7.186618871025174e-12
3.723192632104528e-08  5.592731842336551e-04  7.432162446665501e-12
3.816525730499745e-08  5.642374244243520e-04  7.686095453917587e-12
3.912198505650050e-08  5.692457283776875e-04  7.948704532586952e-12
4.010269608638633e-08  5.742984872134649e-04  8.220286116036286e-12
4.110799160815699e-08  5.793960955240429e-04  8.501146765799693e-12
4.213848790655162e-08  5.845389514036459e-04  8.791603517629625e-12
4.319481671535267e-08  5.897274564803379e-04  9.091984239367126e-12
4.427762560466296e-08  5.949620159471092e-04  9.402628001039328e-12
4.538757837789100e-08  6.002430385938506e-04  9.723885457602031e-12
4.652535547868791e-08  6.055709368382178e-04  1.005611924475930e-11
4.769165440808559e-08  6.109461267593819e-04  1.039970438830699e-11
4.888719015209153e-08  6.163690281293377e-04  1.075502872746219e-11
5.011269562000274e-08  6.218400644459887e-04  1.112249335265648e-11
5.136892209370725e-08  6.273596629664535e-04  1.150251305828719e-11
5.265663968824873e-08  6.329282547401505e-04  1.189551681093763e-11
5.397663782393661e-08  6.385462746429926e-04  1.230194823359503e-11
5.532972571029097e-08  6.442141614102503e-04  1.272226610641249e-11
5.671673284211911e-08  6.499323576725224e-04  1.315694488458049e-11
5.813850950802763e-08  6.557013099881548e-04  1.360647523389227e-11
5.959592731168203e-08  6.615214688800997e-04  1.407136458460789e-11
6.108987970613317e-08  6.673932888698886e-04  1.455213770424189e-11
6.262128254153833e-08  6.733172285136035e-04  1.504933728992135e-11
6.419107462661249e-08  6.792937504374041e-04  1.556352458098296e-11
6.580021830415405e-08  6.853233213741650e-04  1.609527999250035e-11
6.744970004099799e-08  6.914064121992247e-04  1.664520377045729e-11
6.914053103275786e-08  6.975434979676898e-04  1.721391666930577e-11
7.087374782372748e-08  7.037350579512935e-04  1.780206065267428e-11
7.265041294232241e-08  7.099815756763661e-04  1.841029961801683e-11
7.447161555245064e-08  7.162835389602495e-04  1.903932014602109e-11
7.633847212121184e-08  7.226414399510439e-04  1.968983227562121e-11
7.825212710333459e-08  7.290557751649107e-04  2.036257030549041e-11
8.021375364277107e-08  7.355270455251528e-04  2.105829362291806e-11
8.222455429187921e-08  7.420557564017383e-04  2.177778756100658e-11
8.428576174863359e-08  7.486424176499362e-04  2.252186428515630e-11
8.639863961231652e-08  7.552875436511730e-04  2.329136370983842e-11
8.856448315815291e-08  7.619916533518900e-04  2.408715444669118e-11
9.078462013136375e-08  7.687552703057321e-04  2.491013478500953e-11
9.306041156112479e-08  7.755789227128496e-04  2.576123370573485e-11
9.539325259492979e-08  7.824631434618645e-04  2.664141193008947e-11
9.778457335386935e-08  7.894084701718374e-04  2.755166300403961e-11
1.002358398093501e-07  7.964154452335670e-04  2.849301441981105e-11
1.027485546817915e-07  8.034846158524456e-04  2.946652877572314e-11
1.053242583618510e-07  8.106165340904248e-04  3.047330497565089e-11
1.079645298547427e-07  8.178117569106469e-04  3.151447946946847e-11
1.106709877482281e-07  8.250708462191891e-04  3.259122753587499e-11
1.134452912048727e-07  8.323943689101387e-04  3.370476460905009e-11
1.162891409791760e-07  8.397828969091137e-04  3.485634765063708e-11
1.192042804601998e-07  8.472370072185598e-04  3.604727656860249e-11
1.221924967403320e-07  8.547572819626037e-04  3.727889568457321e-11
1.252556217108431e-07  8.623443084321281e-04  3.855259525130801e-11
1.283955331849062e-07  8.699986791314007e-04  3.986981302201610e-11
1.316141560487680e-07  8.777209918235940e-04  4.123203587329423e-11
1.349134634417781e-07  8.855118495774139e-04  4.264080148351432e-11
1.382954779659993e-07  8.933718608155061e-04  4.409770006855617e-11
1.417622729261403e-07  9.013016393599749e-04  4.560437617684454e-11
1.453159736005710e-07  9.093018044818990e-04  4.716253054571697e-11
1.489587585441994e-07  9.173729809492936e-04  4.877392202121754e-11
1.526928609240101e-07  9.255157990755158e-04  5.044036954348387e-11
1.565205698880806e-07  9.337308947685585e-04  5.216375419996834e-11
1.604442319689175e-07  9.420189095812326e-04  5.394602134881136e-11
1.644662525219705e-07  9.503804907606828e-04  5.578918281476328e-11
1.685890972002081e-07  9.588162912994580e-04  5.769531916013412e-11
1.728152934656572e-07  9.673269699859155e-04  5.966658203333395e-11
1.771474321388345e-07  9.759131914559571e-04  6.170519659765574e-11
1.815881689870185e-07  9.845756262452099e-04  6.381346404304157e-11
1.861402263523374e-07  9.933149508409844e-04  6.599376418366789e-11
1.908063948206690e-07  1.002131847735344e-03  6.824855814428193e-11
1.955895349323768e-07  1.011027005478171e-03  7.058039113832148e-11
2.004925789359313e-07  1.020001118730907e-03  7.299189534095414e-11
2.055185325854906e-07  1.029054888321834e-03  7.548579286027894e-11
2.106704769835434e-07  1.038189021298708e-03  7.806489881004443e-11
2.159515704697426e-07  1.047404230986038e-03  8.073212448735162e-11
2.213650505570894e-07  1.056701237039714e-03  8.349048065892867e-11
2.269142359166524e-07  1.066080765503630e-03  8.634308095968716e-11
2.326025284120404e-07  1.075543548866076e-03  8.929314540739588e-11
2.384334151848760e-07  1.085090326117033e-03  9.234400403743981e-11
2.444104707925470e-07  1.094721842806123e-03  9.549910066176731e-11
2.505373593995455e-07  1.104438851100120e-03  9.876199675626703e-11
2.568178370237446e-07  1.114242109842900e-03  1.021363754809667e-10
2.632557538389794e-07  1.124132384613841e-03  1.056260458375862e-10
2.698550565353516e-07  1.134110447787329e-03  1.092349469691431e-10
2.766197907387023e-07  1.144177078594044e-03  1.129671526064595e-10
2.835541034907358e-07  1.154333063181134e-03  1.168268756665944e-10
2.906622457913154e-07  1.164579194673498e-03  1.208184730083874e-10
2.979485752044893e-07  1.174916273236626e-03  1.249464503504852e-10
3.054175585298448e-07  1.185345106137881e-03  1.292154673574005e-10
3.130737745408279e-07  1.195866507810228e-03  1.336303428993459e-10
3.209219167917069e-07  1.206481299915962e-03  1.381960604917786e-10
3.289667964949017e-07  1.217190311410654e-03  1.429177739207972e-10
3.372133454704412e-07  1.227994378607322e-03  1.478008130607402e-10
3.456666191693589e-07  1.238894345243047e-03  1.528506898905525e-10
3.543317997728775e-07  1.249891062543806e-03  1.580731047157126e-10
3.632141993692860e-07  1.260985389291092e-03  1.634739526027423e-10
3.723192632104528e-07  1.272178191889406e-03  1.690593300335631e-10
3.816525730499745e-07  1.283470344433324e-03  1.748355417872104e-10
3.912198505650050e-07  1.294862728776547e-03  1.808091080566739e-10
4.010269608638634e-07  1.306356234599848e-03  1.869867718088969e-10
4.110799160815699e-07  1.317951759481462e-03  1.933755063962438e-10
4.213848790655161e-07  1.329650208966360e-03  1.999825234280263e-10
4.319481671535267e-07  1.341452496637530e-03  2.068152809109744e-10
4.427762560466297e-07  1.353359544187249e-03  2.138814916678412e-10
4.538757837789099e-07  1.365372281488586e-03  2.211891320436438e-10
4.652535547868791e-07  1.377491646668894e-03  2.287464509093692e-10
4.769165440808559e-07  1.389718586182198e-03  2.365619789733069e-10
4.888719015209153e-07  1.402054054883362e-03  2.446445384105200e-10
5.011269562000275e-07  1.414499016102910e-03  2.530032528213244e-10
5.136892209370725e-07  1.427054441722531e-03  2.616475575300169e-10
5.265663968824873e-07  1.439721312249898e-03  2.705872102354781e-10
5.397663782393661e-07  1.452500616896391e-03  2.798323020256710e-10
5.532972571029097e-07  1.465393353653477e-03  2.893932687684706e-10
5.671673284211911e-07  1.478400529371315e-03  2.992809028916804e-10
5.813850950802763e-07  1.491523159837138e-03  3.095063655655354e-10
5.959592731168202e-07  1.504762269854076e-03  3.200811993014398e-10
6.108987970613317e-07  1.518118893322429e-03  3.310173409811652e-10
6.262128254153833e-07  1.531594073318931e-03  3.423271353312133e-10
6.419107462661248e-07  1.545188862179137e-03  3.540233488575535e-10
6.580021830415405e-07  1.558904321579568e-03  3.661191842564672e-10
6.744970004099799e-07  1.572741522620102e-03  3.786282953177622e-10
6.914053103275786e-07  1.586701545908564e-03  3.915648023371838e-10
7.087374782372749e-07  1.600785481643552e-03  4.049433080554168e-10
7.265041294232241e-07  1.614994429701477e-03  4.187789141416716e-10
7.447161555245063e-07  1.629329499720722e-03  4.330872382404632e-10
7.633847212121184e-07  1.643791811189788e-03  4.478844316008213e-10
7.825212710333460e-07  1.658382493533450e-03  4.631871973078350e-10
8.021375364277107e-07  1.673102686202022e-03  4.790128091371103e-10
8.222455429187921e-07  1.687953538759279e-03  4.953791310534226e-10
8.428576174863359e-07  1.702936210973061e-03  5.123046373755778e-10
8.639863961231652e-07  1.718051872905857e-03  5.298084336302379e-10
8.856448315815291e-07  1.733301705005630e-03  5.479102781182584e-10
9.078462013136375e-07  1.748686898198404e-03  5.666306042178741e-10
9.306041156112480e-07  1.764208653980637e-03  5.859905434499166e-10
9.539325259492980e-07  1.779868184514255e-03  6.060119493310923e-10
9.778457335386934e-07  1.795666712720356e-03  6.267174220422525e-10
1.002358398093501e-06  1.811605472374689e-03  6.481303339394981e-10
1.027485546817915e-06  1.827685708204907e-03  6.702748559369142e-10
1.053242583618510e-06  1.843908675986494e-03  6.931759847907223e-10
1.079645298547427e-06  1.860275642641795e-03  7.168595713156384e-10
1.106709877482281e-06  1.876787886338827e-03  7.413523495652975e-10
1.134452912048727e-06  1.893446696590750e-03  7.666819670096762e-10
1.162891409791760e-06  1.910253374356463e-03  7.928770157435828e-10
1.192042804601998e-06  1.927209232142957e-03  8.199670647614376e-10
1.221924967403320e-06  1.944315594107238e-03  8.479826933347816e-10
1.252556217108431e-06  1.961573796159577e-03  8.769555255301859e-10
1.283955331849062e-06  1.978985186068538e-03  9.069182659065249e-10
1.316141560487680e-06  1.996551123565116e-03  9.379047364319122e-10
1.349134634417781e-06  2.014272980450205e-03  9.699499146619690e-10
1.382954779659993e-06  2.032152140701182e-03  1.003089973222519e-09
1.417622729261403e-06  2.050190000579155e-03  1.037362320641283e-09
1.453159736005710e-06  2.068387968739760e-03  1.072805643574655e-09
1.489587585441994e-06  2.086747466341743e-03  1.109459950477237e-09
1.526928609240101e-06  2.105269927157982e-03  1.147366616763418e-09
1.565205698880806e-06  2.123956797688509e-03  1.186568431511978e-09
1.604442319689175e-06  2.142809537272639e-03  1.227109645766439e-09
1.644662525219705e-06  2.161829618203104e-03  1.269036022485683e-09
1.685890972002081e-06  2.181018525840628e-03  1.312394888201219e-09
1.728152934656572e-06  2.200377758731165e-03  1.357235186439415e-09
1.771474321388345e-06  2.219908828721362e-03  1.403607532968995e-09
1.815881689870185e-06  2.239613261078022e-03  1.451564272936165e-09
1.861402263523374e-06  2.259492594606005e-03  1.501159539951856e-09
1.908063948206691e-06  2.279548381769247e-03  1.552449317197799e-09
1.955895349323768e-06  2.299782188811550e-03  1.605491500620384e-09
2.004925789359317e-06  2.320195595879593e-03  1.660345964283668e-09
2.055185325854910e-06  2.340790197144837e-03  1.717074627955245e-09
2.106704769835438e-06  2.361567600930092e-03  1.775741527001371e-09
2.159515704697431e-06  2.382529429833191e-03  1.836412884670118e-09
2.213650505570899e-06  2.403677320854669e-03  1.899157186844243e-09
2.269142359166528e-06  2.425012925526104e-03  1.964045259348113e-09
2.326025284120409e-06  2.446537910037350e-03  2.031150347895960e-09
2.384334151848765e-06  2.468253955368871e-03  2.100548200771707e-09
2.444104707925470e-06  2.490162757420977e-03  2.172317154333699e-09
2.505373593995455e-06  2.512266027147936e-03  2.246538221440855e-09
2.568178370237447e-06  2.534565490690310e-03  2.323295182900057e-09
2.632557538389794e-06  2.557062889510853e-03  2.402674682037995e-09
2.698550565353516e-06  2.579759980529062e-03  2.484766322504235e-09
2.766197907387023e-06  2.602658536260183e-03  2.569662769415900e-09
2.835541034907358e-06  2.625760344952432e-03  2.657459853958134e-09
2.906622457913154e-06  2.649067210726441e-03  2.748256681558430e-09
2.979485752044893e-06  2.672580953717363e-03  2.842155743756925e-09
3.054175585298448e-06  2.696303410215872e-03  2.939263033898947e-09
3.130737745408279e-06  2.720236432812051e-03  3.039688166780390e-09
3.209219167917069e-06  2.744381890540160e-03  3.143544502380997e-09
3.289667964949017e-06  2.768741669024521e-03  3.250949273825211e-09
3.372133454704412e-06  2.793317670626072e-03  3.362023719715020e-09
3.456666191693588e-06  2.818111814592461e-03  3.476893220984212e-09
3.543317997728775e-06  2.843126037206156e-03  3.595687442428475e-09
3.632141993692860e-06  2.868362291937210e-03  3.718540479071138e-09
3.723192632104528e-06  2.893822549594693e-03  3.845591007529756e-09
3.816525730499745e-06  2.919508798481463e-03  3.976982442554395e-09
3.912198505650050e-06  2.945423044548701e-03  4.112863098914332e-09
4.010269608638633e-06  2.971567311552681e-03  4.253386358815901e-09
4.110799160815699e-06  2.997943641213752e-03  4.398710845040459e-09
4.213848790655162e-06  3.024554093373988e-03  4.549000599997932e-09
4.319481671535267e-06  3.051400746160171e-03  4.704425270898025e-09
4.427762560466297e-06  3.078485696144551e-03  4.865160301248153e-09
4.538757837789099e-06  3.105811058508712e-03  5.031387128894214e-09
4.652535547868791e-06  3.133378967209666e-03  5.203293390827816e-09
4.769165440808558e-06  3.161191575145716e-03  5.381073134991051e-09
4.888719015209153e-06  3.189251054324771e-03  5.564927039318017e-09
5.011269562000275e-06  3.217559596033759e-03  5.755062638260218e-09
5.136892209370725e-06  3.246119411010273e-03  5.951694557051660e-09
5.265663968824874e-06  3.274932729615099e-03  6.155044753978004e-09
5.397663782393660e-06  3.304001802006074e-03  6.365342770923266e-09
5.532972571029097e-06  3.333328898313503e-03  6.582825992476916e-09
5.671673284211911e-06  3.362916308818464e-03  6.807739913893803e-09
5.813850950802763e-06  3.392766344130882e-03  7.040338418209425e-09
5.959592731168203e-06  3.422881335370498e-03  7.280884062823316e-09
6.108987970613317e-06  3.453263634348280e-03  7.529648375874090e-09
6.262128254153833e-06  3.483915613750277e-03  7.786912162740636e-09
6.419107462661248e-06  3.514839667323466e-03  8.052965823015478e-09
6.580021830415405e-06  3.546038210062274e-03  8.328109678308099e-09
6.744970004099800e-06  3.577513678396871e-03  8.612654311248248e-09
6.914053103275787e-06  3.609268530383902e-03  8.906920916071874e-09
7.087374782372748e-06  3.641305245898341e-03  9.211241661185484e-09
7.265041294232241e-06  3.673626326827106e-03  9.525960064118129e-09
7.447161555245064e-06  3.706234297264244e-03  9.851431379284292e-09
7.633847212121184e-06  3.739131703708765e-03  1.018802299899540e-08
7.825212710333460e-06  3.772321115262267e-03  1.053611486817259e-08
8.021375364277106e-06  3.805805123831218e-03  1.089609991322887e-08
8.222455429187922e-06  3.839586344327683e-03  1.126838448560482e-08
8.428576174863359e-06  3.873667414874271e-03  1.165338882045842e-08
8.639863961231651e-06  3.908050997011081e-03  1.205154751102694e-08
8.856448315815291e-06  3.942739775901538e-03  1.246330999919611e-08
9.078462013136375e-06  3.977736460544001e-03  1.288914108283057e-08
9.306041156112479e-06  4.013043783982262e-03  1.332952144043806e-08
9.539325259492979e-06  4.048664503519150e-03  1.378494817375983e-08
9.778457335386934e-06  4.084601400932364e-03  1.425593536889945e-08
1.002358398093501e-05  4.120857282690515e-03  1.474301467662371e-08
1.027485546817915e-05  4.157434980174068e-03  1.524673591249044e-08
1.053242583618510e-05  4.194337349894717e-03  1.576766767748088e-08
1.079645298547427e-05  4.231567273719650e-03  1.630639799983688e-08
1.106709877482281e-05  4.269127659096039e-03  1.686353499882776e-08
1.134452912048727e-05  4.307021439278413e-03  1.743970757119590e-08
1.162891409791760e-05  4.345251573557141e-03  1.803556610105589e-08
1.192042804601998e-05  4.383821047490466e-03  1.865178319404875e-08
1.221924967403320e-05  4.422732873136548e-03  1.928905443657975e-08
1.252556217108431e-05  4.461990089289936e-03  1.994809918099696e-08
1.283955331849063e-05  4.501595761717825e-03  2.062966135759687e-08
1.316141560487680e-05  4.541552983400088e-03  2.133451031437352e-08
1.349134634417781e-05  4.581864874770192e-03  2.206344168545921e-08
1.382954779659993e-05  4.622534583959892e-03  2.281727828923708e-08
1.417622729261403e-05  4.663565287044369e-03  2.359687105713914e-08
1.453159736005710e-05  4.704960188289808e-03  2.440309999417851e-08
1.489587585441994e-05  4.746722520405200e-03  2.523687517229983e-08
1.526928609240101e-05  4.788855544792803e-03  2.609913775766929e-08
1.565205698880806e-05  4.831362551804386e-03  2.699086107306384e-08
1.604442319689175e-05  4.874246860997911e-03  2.791305169655882e-08
1.644662525219705e-05  4.917511821395770e-03  2.886675059775415e-08
1.685890972002085e-05  4.961160811747911e-03  2.985303431282191e-08
1.728152934656576e-05  5.005197240794290e-03  3.087301615970090e-08
1.771474321388348e-05  5.049624547531550e-03  3.192784749481151e-08
1.815881689870189e-05  5.094446201482139e-03  3.301871901270749e-08
1.861402263523378e-05  5.139665702964757e-03  3.414686209013312e-08
1.908063948206694e-05  5.185286583367255e-03  3.531355017600241e-08
1.955895349323772e-05  5.231312405423294e-03  3.652010022886932e-08
2.004925789359317e-05  5.277746763490132e-03  3.776787420351180e-08
2.055185325854910e-05  5.324593283829504e-03  3.905828058830753e-08
2.106704769835438e-05  5.371855624890731e-03  4.039277599513690e-08
2.159515704697431e-05  5.419537477595826e-03  4.177286680360770e-08
2.213650505570899e-05  5.467642565629038e-03  4.320011086145794e-08
2.269142359166528e-05  5.516174645726402e-03  4.467611924305557e-08
2.326025284120409e-05  5.565137507969942e-03  4.620255806798086e-08
2.384334151848765e-05  5.614534976082997e-03  4.778115038174351e-08
2.444104707925470e-05  5.664370907729532e-03  4.941367810075803e-08
2.505373593995455e-05  5.714649194815014e-03  5.110198402377263e-08
2.568178370237446e-05  5.765373763790160e-03  5.284797391202201e-08
2.632557538389789e-05  5.816548575957592e-03  5.465361864045220e-08
2.698550565353516e-05  5.868177627782245e-03  5.652095642244678e-08
2.766197907387017e-05  5.920264951201570e-03  5.845209511056228e-08
2.835541034907358e-05  5.972814613941946e-03  6.044921457587627e-08
2.906622457913148e-05  6.025830719836200e-03  6.251456916862532e-08
2.979485752044893e-05  6.079317409142915e-03  6.465049026292018e-08
3.054175585298442e-05  6.133278858871272e-03  6.685938888840020e-08
3.130737745408279e-05  6.187719283106352e-03  6.914375845180861e-08
3.209219167917063e-05  6.242642933338205e-03  7.150617755154930e-08
3.289667964949017e-05  6.298054098794470e-03  7.394931288841410e-08
3.372133454704406e-05  6.353957106774999e-03  7.647592227575385e-08
3.456666191693589e-05  6.410356322989141e-03  7.908885775250375e-08
3.543317997728768e-05  6.467256151898360e-03  8.179106880256425e-08
3.632141993692860e-05  6.524661037057955e-03  8.458560568418440e-08
3.723192632104520e-05  6.582575461466345e-03  8.747562287309274e-08
3.816525730499745e-05  6.641003947913227e-03  9.046438262327578e-08
3.912198505650042e-05  6.699951059334408e-03  9.355525864940950e-08
4.010269608638634e-05  6.759421399166854e-03  9.675173993511554e-08
4.110799160815691e-05  6.819419611708843e-03  1.000574346713247e-07
4.213848790655162e-05  6.879950382482569e-03  1.034760743292106e-07
4.319481671535258e-05  6.941018438600288e-03  1.070115178722730e-07
4.427762560466297e-05  7.002628549132472e-03  1.106677561123441e-07
4.538757837789090e-05  7.064785525481954e-03  1.144489162144156e-07
4.652535547868791e-05  7.127494221757846e-03  1.183592663553911e-07
4.769165440808549e-05  7.190759535156133e-03  1.224032205420030e-07
4.888719015209153e-05  7.254586406340913e-03  1.265853435933525e-07
5.011269562000285e-05  7.318979819831206e-03  1.309103562936767e-07
5.136892209370725e-05  7.383944804389753e-03  1.353831407211763e-07
5.265663968824884e-05  7.449486433415364e-03  1.400087457589117e-07
5.397663782393661e-05  7.515609825339942e-03  1.447923927939817e-07
5.532972571029109e-05  7.582320144027710e-03  1.497394816114362e-07
5.671673284211911e-05  7.649622599178452e-03  1.548555964895518e-07
5.813850950802775e-05  7.717522446734737e-03  1.601465125033767e-07
5.959592731168203e-05  7.786024989291818e-03  1.656182020436341e-07
6.108987970613329e-05  7.855135576511962e-03  1.712768415583686e-07
6.262128254153834e-05  7.924859605542567e-03  1.771288185249196e-07
6.419107462661261e-05  7.995202521437372e-03  1.831807386601186e-07
6.580021830415405e-05  8.066169817581459e-03  1.894394333768210e-07
6.744970004099814e-05  8.137767036120680e-03  1.959119674952180e-07
6.914053103275787e-05  8.209999768394205e-03  2.026056472176048e-07
7.087374782372764e-05  8.282873655371503e-03  2.095280283756362e-07
7.265041294232242e-05  8.356394388091992e-03  2.166869249593476e-07
7.447161555245078e-05  8.430567708110681e-03  2.240904179376026e-07
7.633847212121184e-05  8.505399407945591e-03  2.317468643798891e-07
7.825212710333476e-05  8.580895331530947e-03  2.396649068897961e-07
8.021375364277106e-05  8.657061374672592e-03  2.478534833607822e-07
8.222455429187938e-05  8.733903485509398e-03  2.563218370652887e-07
8.428576174863358e-05  8.811427664976890e-03  2.650795270885423e-07
8.639863961231669e-05  8.889639967276430e-03  2.741364391188707e-07
8.856448315815292e-05  8.968546500347951e-03  2.835027966066648e-07
9.078462013136393e-05  9.048153426347127e-03  2.931891723046304e-07
9.306041156112480e-05  9.128466962126103e-03  3.032065002023087e-07
9.539325259492998e-05  9.209493379719103e-03  3.135660878683860e-07
9.778457335386934e-05  9.291239006832708e-03  3.242796292146746e-07
1.002358398093503e-04  9.373710227339904e-03  3.353592176962242e-07
1.027485546817915e-04  9.456913481777685e-03  3.468173599624107e-07
1.053242583618512e-04  9.540855267851311e-03  3.586669899744679e-07
1.079645298547427e-04  9.625542140941246e-03  3.709214836053392e-07
1.106709877482283e-04  9.710980714614958e-03  3.835946737383907e-07
1.134452912048727e-04  9.797177661143408e-03  3.967008658819662e-07
1.162891409791763e-04  9.884139712022177e-03  4.102548543174744e-07
1.192042804601998e-04  9.971873658497055e-03  4.242719387991698e-07
1.221924967403322e-04  1.006038635209516e-02  4.387679418245467e-07
1.252556217108432e-04  1.014968470515876e-02  4.537592264947701e-07
1.283955331849065e-04  1.023977569138568e-02  4.692627149853779e-07
1.316141560487680e-04  1.033066634637425e-02  4.852959076480287e-07
1.349134634417783e-04  1.042236376817218e-02  5.018769027649335e-07
1.382954779659993e-04  1.051487511783145e-02  5.190244169781933e-07
1.417622729261406e-04  1.060820761996695e-02  5.367578064171818e-07
1.453159736005710e-04  1.070236856332096e-02  5.550970885477398e-07
1.489587585441997e-04  1.079736530133224e-02  5.740629647679318e-07
1.526928609240101e-04  1.089320525271087e-02  5.936768437757783e-07
1.565205698880810e-04  1.098989590201649e-02  6.139608657354381e-07
1.604442319689175e-04  1.108744480024382e-02  6.349379272690204e-07
1.644662525219708e-04  1.118585956541218e-02  6.566317073023375e-07
1.685890972002081e-04  1.128514788315993e-02  6.790666937936716e-07
1.728152934656576e-04  1.138531750734462e-02  7.022682113758310e-07
1.771474321388345e-04  1.148637626064986e-02  7.262624499425892e-07
1.815881689870188e-04  1.158833203519416e-02  7.510764942118915e-07
1.861402263523374e-04  1.169119279314912e-02  7.767383542990769e-07
1.908063948206694e-04  1.179496656736001e-02  8.032769973347538e-07
1.955895349323769e-04  1.189966146197352e-02  8.307223801628889e-07
2.004925789359317e-04  1.200528565307080e-02  8.591054831561548e-07
2.055185325854906e-04  1.211184738930604e-02  8.884583451865666e-07
2.106704769835438e-04  1.221935499255000e-02  9.188140997910261e-07
2.159515704697426e-04  1.232781685854034e-02  9.502070125724485e-07
2.213650505570899e-04  1.243724145753755e-02  9.826725198788476e-07
2.269142359166523e-04  1.254763733498621e-02  1.016247268803873e-06
2.326025284120409e-04  1.265901311218176e-02  1.050969158554129e-06
2.384334151848760e-04  1.277157784756455e-02  1.100017925189612e-06
2.444104707925470e-04  1.288868665137688e-02  1.184981554543215e-06
2.505373593995450e-04  1.301175565506552e-02  1.276507639060151e-06
2.568178370237446e-04  1.314108820032112e-02  1.375103052306218e-06
2.632557538389789e-04  1.327700306727353e-02  1.481313817952600e-06
2.698550565353516e-04  1.341983526022372e-02  1.595728133667684e-06
2.766197907387018e-04  1.356993683336594e-02  1.718979628569157e-06
2.835541034907358e-04  1.372767775853401e-02  1.851750872276817e-06
2.906622457913148e-04  1.389344683711213e-02  1.994777154998703e-06
2.979485752044893e-04  1.406765265835563e-02  2.148850559585388e-06
3.054175585298442e-04  1.425072460648624e-02  2.314824348102876e-06
3.130737745408279e-04  1.444311391904263e-02  2.493617687217787e-06
3.209219167917063e-04  1.464529479909471e-02  2.686220738563343e-06
3.289667964949017e-04  1.485776558406471e-02  2.893700142277531e-06
3.372133454704406e-04  1.508104997403303e-02  3.117204924080532e-06
3.456666191693589e-04  1.531569832256063e-02  3.357972858605922e-06
3.543317997728768e-04  1.556228899320500e-02  3.617337324224811e-06
3.632141993692860e-04  1.582142978507695e-02  3.896734687326341e-06
3.723192632104520e-04  1.609375943094915e-02  4.197712256947490e-06
3.816525730499745e-04  1.637994917161145e-02  4.521936853806571e-06
3.912198505650042e-04  1.668070441035208e-02  4.871204041194385e-06
4.010269608638633e-04  1.699676645164172e-02  5.247448068845548e-06
4.110799160815707e-04  1.732891432830863e-02  5.652752584857707e-06
4.213848790655161e-04  1.767796672170641e-02  6.089362174982889e-06
4.319481671535276e-04  1.804478397960807e-02  6.559694793195378e-06
4.427762560466297e-04  1.843027023679866e-02  7.066355152376026e-06
4.538757837789109e-04  1.883537564359727e-02  7.612149149272861e-06
4.652535547868791e-04  1.926109870779502e-02  8.200099403621283e-06
4.769165440808568e-04  1.970848875578857e-02  8.833461997482552e-06
4.888719015209153e-04  2.017864851896856e-02  9.515744507500515e-06
5.011269562000284e-04  2.067273685174453e-02  1.025072542994275e-05
5.136892209370725e-04  2.119197158789876e-02  1.104247510609911e-05
5.265663968824884e-04  2.173763254231686e-02  1.189537826392654e-05
5.397663782393661e-04  2.231106466548649e-02  1.281415830077256e-05
5.532972571029109e-04  2.291368135854555e-02  1.380390344165977e-05
5.671673284211911e-04  2.354696795704636e-02  1.487009491799207e-05
5.813850950802774e-04  2.421248539202692e-02  1.601863732274188e-05
5.959592731168202e-04  2.491187403740702e-02  1.725589131022069e-05
6.108987970613330e-04  2.564685775319964e-02  1.858870882153073e-05
6.262128254153833e-04  2.641924813449670e-02  2.002447103077117e-05
6.419107462661261e-04  2.723094897670819e-02  2.157112922215214e-05
6.580021830415405e-04  2.808396096805410e-02  2.323724882438806e-05
6.744970004099813e-04  2.898038662088176e-02  2.503205684624138e-05
6.914053103275786e-04  2.992243545395734e-02  2.696549297590756e-05
7.087374782372763e-04  3.091242943851191e-02  2.904826462723978e-05
7.265041294232241e-04  3.195280872145623e-02  3.129190623765112e-05
7.447161555245079e-04  3.304613763988096e-02  3.370884314609761e-05
7.633847212121183e-04  3.419511104165851e-02  3.631246040488875e-05
7.825212710333476e-04  3.540256092773220e-02  3.911717690641900e-05
8.021375364277106e-04  3.667146343245764e-02  4.213852523532269e-05
8.222455429187938e-04  3.800486298078365e-02  4.538291851656057e-05
8.428576174863359e-04  3.940559689796785e-02  4.886764987713565e-05
8.639863961231669e-04  4.087700108931824e-02  5.261995663947723e-05
8.856448315815292e-04  4.242264103403759e-02  5.666038460417009e-05
9.078462013136394e-04  4.404626209802287e-02  6.101105718289333e-05
9.306041156112480e-04  4.575179860956458e-02  6.569579653542058e-05
9.539325259492998e-04  4.754338339293906e-02  7.074025400814659e-05
9.778457335386935e-04  4.942535778298995e-02  7.617205058833531e-05
1.002358398093503e-03  5.140228214497156e-02  8.202092814317278e-05
1.027485546817915e-03  5.347894692513844e-02  8.831891227170987e-05
1.053242583618512e-03  5.566038425886854e-02  9.510048766142075e-05
1.079645298547427e-03  5.795188016443698e-02  1.024027869095135e-04
1.106709877482283e-03  6.035898735199896e-02  1.102657938429199e-04
1.134452912048727e-03  6.288753867881147e-02  1.187325624502080e-04
1.162891409791763e-03  6.554366128330735e-02  1.278494526242229e-04
1.192042804601998e-03  6.833379143225926e-02  1.376663840062233e-04
1.221924967403322e-03  7.126469011702463e-02  1.482371093214867e-04
1.252556217108431e-03  7.434345943665077e-02  1.596195087029871e-04
1.283955331849065e-03  7.757755980755188e-02  1.718759066147700e-04
1.316141560487680e-03  8.097482804144795e-02  1.850734131102856e-04
1.349134634417783e-03  8.454349633538460e-02  1.992842912943066e-04
1.382954779659993e-03  8.829221221983485e-02  2.145863530004051e-04
1.417622729261406e-03  9.223005951323859e-02  2.310633848505979e-04
1.453159736005710e-03  9.636658033373702e-02  2.488056070299779e-04
1.489587585441997e-03  1.007117982214609e-01  2.679101672884384e-04
1.526928609240101e-03  1.052762424273805e-01  2.884816728743179e-04
1.565205698880810e-03  1.100709734275955e-01  3.106327633126651e-04
1.604442319689175e-03  1.151076097248696e-01  3.344847271642791e-04
1.644662525219708e-03  1.203946295523803e-01  3.593869434590758e-04
1.685890972002081e-03  1.259307796536782e-01  3.856720880156566e-04
1.728152934656576e-03  1.317265488511654e-01  4.138796975836599e-04
1.771474321388345e-03  1.377941120450639e-01  4.441503790260959e-04
1.815881689870189e-03  1.441462150804855e-01  4.766350230290088e-04
1.861402263523374e-03  1.507962015220237e-01  5.114955562483336e-04
1.908063948206694e-03  1.577580406839605e-01  5.489057484679890e-04
1.955895349323768e-03  1.650463569749407e-01  5.890520787924855e-04
2.004925789359317e-03  1.726764606187901e-01  6.321346651919568e-04
2.055185325854906e-03  1.806643798159728e-01  6.783682620329298e-04
2.106704769835438e-03  1.890268944132913e-01  7.279833305674537e-04
2.159515704697426e-03  1.977815711525110e-01  7.812271877164419e-04
2.213650505570899e-03  2.069468005720014e-01  8.383652388738281e-04
2.269142359166523e-03  2.165418356388642e-01  8.996823008764445e-04
2.326025284120409e-03  2.265868321927504e-01  9.654840217345409e-04
2.384334151848760e-03  2.371028912862736e-01  1.036098404199582e-03
2.444104707925470e-03  2.481121035110128e-01  1.111877440764206e-03
2.505373593995450e-03  2.596375954021672e-01  1.193198868243989e-03
2.568178370237447e-03  2.717035780193986e-01  1.280468050687504e-03
2.632557538389789e-03  2.843353978058507e-01  1.374120000000005e-03
2.698550565353516e-03  2.975595898322501e-01  1.474621544353433e-03
2.766197907387017e-03  3.114039335378638e-01  1.582473655191155e-03
2.835541034907358e-03  3.258975110854840e-01  1.698213944427412e-03
2.906622457913148e-03  3.410707684529406e-01  1.822419344288741e-03
2.979485752044893e-03  3.569555793895582e-01  1.955708983156220e-03
3.054175585298442e-03  3.735853123718242e-01  2.098747271743123e-03
3.130737745408279e-03  3.909949006990019e-01  2.252247214992422e-03
3.209219167917063e-03  4.092209158758489e-01  2.416973966202219e-03
3.289667964949017e-03  4.283016444366845e-01  2.593748641096225e-03
3.372133454704419e-03  4.482771683720932e-01  2.783452410850522e-03
3.456666191693589e-03  4.691894493272888e-01  2.987030894479827e-03
3.543317997728783e-03  4.910824167489833e-01  3.205498872477835e-03
3.632141993692860e-03  5.140020601658881e-01  3.439945345207389e-03
3.723192632104536e-03  5.379965257967876e-01  3.691538961256007e-03
3.816525730499745e-03  5.631162176890085e-01  3.961533842814395e-03
3.912198505650058e-03  5.894139035998687e-01  4.251275837117085e-03
4.010269608638634e-03  6.169448258433934e-01  4.562209225105475e-03
4.110799160815707e-03  6.457668173352844e-01  4.895883920755457e-03
4.213848790655162e-03  6.759404230797761e-01  5.253963196954737e-03
4.319481671535276e-03  7.075290273537200e-01  5.638231976442714e-03
4.427762560466297e-03  7.405989868549196e-01  6.050605729139183e-03
4.538757837789109e-03  7.752197700945711e-01  6.493140020214332e-03
4.652535547868791e-03  8.114641033264598e-01  6.968040756492441e-03
4.769165440808568e-03  8.494081233196313e-01  7.477675182266834e-03
4.888719015209153e-03  8.891315372952828e-01  8.024583679334766e-03
5.011269562000284e-03  9.307177903640256e-01  8.611492430074478e-03
5.136892209370725e-03  9.742542408150623e-01  9.241327006683644e-03
5.265663968824884e-03  1.019832343625696e+00  9.917226954320488e-03
5.397663782393661e-03  1.067547842576450e+00  1.064256144083730e-02
5.532972571029109e-03  1.117500971375593e+00  1.142094605111907e-02
5.671673284211911e-03  1.169796664215319e+00  1.225626080973872e-02
5.813850950802775e-03  1.224544776202149e+00  1.315266952177052e-02
5.959592731168202e-03  1.281860314124316e+00  1.411464052816586e-02
6.108987970613329e-03  1.341863678041209e+00  1.514696897915569e-02
6.262128254153833e-03  1.404680914202040e+00  1.625480073670113e-02
6.419107462661261e-03  1.470443979825367e+00  1.744365802514442e-02
6.580021830415405e-03  1.539291020295338e+00  1.871946695791578e-02
6.744970004099814e-03  1.611366659357307e+00  2.008858707751485e-02
6.914053103275786e-03  1.686822302922048e+00  2.155784305600887e-02
7.087374782372763e-03  1.765816457117143e+00  2.313455871407200e-02
7.265041294232242e-03  1.848515061253259e+00  2.482659352813400e-02
7.447161555245078e-03  1.935091836405171e+00  2.664238180762361e-02
7.633847212121183e-03  2.025728650339360e+00  2.859097473758561e-02
7.825212710333476e-03  2.120615899555204e+00  3.068208549625092e-02
8.021375364277106e-03  2.219952909241842e+00  3.292613767244847e-02
8.222455429187937e-03  2.323948351991373e+00  3.533431722421588e-02
8.428576174863358e-03  2.432820686147430e+00  3.791862823759681e-02
8.639863961231670e-03  2.546798614710513e+00  4.069195276357851e-02
8.856448315815292e-03  2.666121565763491e+00  4.366811503142676e-02
9.078462013136394e-03  2.791040195427095e+00  4.686195035851719e-02
9.306041156112480e-03  2.921816914401293e+00  5.028937910014369e-02
9.539325259492998e-03  3.058726439199297e+00  5.396748600793880e-02
9.778457335386934e-03  3.202056369231475e+00  5.791460539246775e-02
1.002358398093503e-02  3.352107790952097e+00  6.215041251452573e-02
1.027485546817915e-02  3.509195910337337e+00  6.669602166067846e-02
1.053242583618512e-02  3.673650715023855e+00  7.157409139194487e-02
1.079645298547427e-02  3.845817667498132e+00  7.680893749023512e-02
1.106709877482283e-02  4.026058430793505e+00  8.242665416557242e-02
1.134452912048727e-02  4.214751628218498e+00  8.845524412825724e-02
1.162891409791763e-02  4.412293638713265e+00  9.492475817437353e-02
1.192042804601998e-02  4.619099429503962e+00  1.018674449804010e-01
1.221924967403322e-02  4.835603427805193e+00  1.093179118536494e-01
1.252556217108431e-02  5.062260433400569e+00  1.173132972397742e-01
1.283955331849065e-02  5.299546574019561e+00  1.258934558473120e-01
1.316141560487680e-02  5.547960305516356e+00  1.351011573119896e-01
1.349134634417783e-02  5.808023458952981e+00  1.449822993911314e-01
1.382954779659993e-02  6.080282336784992e+00  1.555861367508359e-01
1.417622729261406e-02  6.365308860453728e+00  1.669655264864067e-01
1.453159736005710e-02  6.663701771794472e+00  1.791771915998350e-01
1.489587585441997e-02  6.976087890785686e+00  1.922820037477503e-01
1.526928609240101e-02  7.303123432279921e+00  2.063452866691961e-01
1.565205698880810e-02  7.645495384483951e+00  2.214371418057962e-01
1.604442319689175e-02  8.003922952082217e+00  2.376327977373651e-01
1.644662525219709e-02  8.379159067036788e+00  2.550129851748749e-01
1.685890972002081e-02  8.771991970235700e+00  2.736643393799284e-01
1.728152934656576e-02  9.183246867314097e+00  2.936798320167747e-01
1.771474321388345e-02  9.613787662124420e+00  3.151592345894293e-01
1.815881689870188e-02  1.006451877149922e+01  3.382096157741013e-01
1.861402263523374e-02  1.053638702511657e+01  3.629458751258834e-01
1.908063948206694e-02  1.103038365446129e+01  3.894913158201876e-01
1.955895349323768e-02  1.154754637505778e+01  4.179782592837648e-01
2.004925789359317e-02  1.208896156635096e+01  4.485487047791915e-01
2.055185325854906e-02  1.265576655381185e+01  4.813550372305281e-01
2.106704769835438e-02  1.324915199806450e+01  5.165607868186060e-01
2.159515704697426e-02  1.387036439605016e+01  5.543414441321468e-01
2.213650505570899e-02  1.452070869948558e+01  5.948853349381824e-01
2.269142359166523e-02  1.520155105611308e+01  6.383945589320714e-01
2.326025284120409e-02  1.591432167950374e+01  6.850859971467096e-01
2.384334151848760e-02  1.666051785343906e+01  7.351923930423664e-01
2.444104707925470e-02  1.744170707718561e+01  7.889635126663075e-01
2.505373593995450e-02  1.825953035826615e+01  8.466673896650083e-01
2.568178370237446e-02  1.911570565964816e+01  9.085916613552673e-01
2.632557538389789e-02  2.001203150858682e+01  9.750450025138524e-01
